2019 244 15 54   90.0    0   0.0  0.0   109.55  095.80   MP03   -20.364   -178.570   591.0    SKS	Q1
2019 032 16 14   12.0    0   0.0  0.0   009.96  141.92   MP04    14.582    -92.481    76.0    SKS	Q1
2019 053 10 17   -8.0    0   0.0  0.0   335.81  157.30   MP04    -2.186    -77.051   145.0    PKS	Q1
2018 322 20 25   26.0    0   0.0  0.0   107.47  094.33   MP05   -17.873   -178.927   540.0    SKS	Q1
2018 345 02 26  -67.0    0   0.0  0.0   213.66  125.27   MP05   -58.545    -26.386   133.0    SKS	Q1
2018 357 23 08   16.0    0   0.0  0.0   108.32  098.62   MP05   -20.285   -175.071   113.0    SKS	Q1
2019 032 16 14  -47.0    0   0.0  0.0   010.13  141.91   MP05    14.582    -92.481    76.0   SKKS	Q1
2018 357 23 08   17.0    0   0.0  0.0   108.35  098.55   MP06   -20.285   -175.071   113.0    SKS	Q1	
2019 053 10 17   70.0    0   0.0  0.0   336.52  157.40   MP07    -2.186    -77.051   145.0    PKS	Q1
2019 166 22 55   38.0    0   0.0  0.0   119.12  099.67   MP07   -30.644   -178.100    46.0    SKS	Q1
2018 345 02 26  -51.0    0   0.0  0.0   213.60  125.43   MP09   -58.545    -26.386   133.0    SKS	Q1
2018 357 23 08   17.0    0   0.0  0.0   108.45  098.30   MP09   -20.285   -175.071   113.0    SKS	Q1
2019 032 16 14  -82.0    0   0.0  0.0   010.68  141.87   MP09    14.582    -92.481    76.0   SKKS	Q1
2018 345 02 26   -9.0    0   0.0  0.0   213.59  125.45   MP10   -58.545    -26.386   133.0    SKS	Q1
2018 345 02 26   39.0    0   0.0  0.0   213.59  125.45   MP10   -58.545    -26.386   133.0   SKKS	Q1
2019 032 16 14  -71.0    0   0.0  0.0   010.78  141.87   MP10    14.582    -92.481    76.0   SKKS	Q1
2019 169 16 05  -52.0    0   0.0  0.0   119.39  100.03   MP10   -31.021   -177.554    15.0    SKS	Q1
2019 175 11 34   38.0    0   0.0  0.0   119.08  100.10   MP10   -30.763   -177.353    10.0    SKS	Q1
2019 026 19 56  -59.0    0   0.0  0.0   110.58  095.11   MP11   -21.048   -178.959   588.0    SKS	Q1
2019 146 07 41   42.0    0   0.0  0.0   328.54  160.07   MP11    -5.812    -75.270   122.0   SKKS	Q1
2018 357 23 08  -85.0    0   0.0  0.0   108.55  098.04   MP13   -20.285   -175.071   113.0    SKS	Q1
2018 357 23 08  -16.0    0   0.0  0.0   108.55  098.04   MP13   -20.285   -175.071   113.0   SKKS	Q1
2019 053 10 17   57.0    0   0.0  0.0   337.65  157.60   MP13    -2.186    -77.051   145.0    PKS	Q1
2019 032 16 14   74.0    0   0.0  0.0   011.50  141.82   MP14    14.582    -92.481    76.0    SKS	Q1
2019 053 10 17   -2.0    0   0.0  0.0   338.15  157.72   MP14    -2.186    -77.051   145.0    PKS	Q1
2019 172 08 37  -47.0    0   0.0  0.0   119.48  099.33   MP16   -30.859   -177.468    14.0    SKS	Q1
2019 146 07 41   66.0    0   0.0  0.0   331.24  160.71   MP18    -5.812    -75.270   122.0   SKKS	Q1
2019 166 22 55  -51.0    0   0.0  0.0   119.59  098.46   MP18   -30.644   -178.100    46.0    SKS	Q1
2019 026 19 56   28.0    0   0.0  0.0   111.04  093.99   MP19   -21.048   -178.959   588.0    SKS	Q1
2019 175 11 34  -49.0    0   0.0  0.0   119.51  098.99   MP19   -30.763   -177.353    10.0    SKS	Q1
2019 026 19 56   34.0    0   0.0  0.0   111.14  093.76   MP20   -21.048   -178.959   588.0    SKS	Q1
2019 065 15 46  -49.0    0   0.0  0.0   120.94  098.82   MP20   -32.024   -177.885    29.0    SKS	Q1
2019 146 07 41   58.0    0   0.0  0.0   332.33  160.87   MP20    -5.812    -75.270   122.0   SKKS	Q1
2019 153 10 36  -43.0    0   0.0  0.0   109.49  098.19   MP20   -21.207   -173.910    10.0    SKS	Q1
2019 166 22 55  -49.0    0   0.0  0.0   119.72  098.14   MP20   -30.644   -178.100    46.0    SKS	Q1
2019 175 11 34  -52.0    0   0.0  0.0   119.59  098.78   MP20   -30.763   -177.353    10.0    SKS	Q1
2018 345 02 26  -35.0    0   0.0  0.0   213.27  126.29   MP21   -58.545    -26.386   133.0    SKS	Q1
2018 357 23 08  -42.0    0   0.0  0.0   109.10  096.69   MP21   -20.285   -175.071   113.0    SKS	Q1
2019 146 07 41   65.0    0   0.0  0.0   332.94  160.90   MP21    -5.812    -75.270   122.0   SKKS	Q1
2019 169 16 05   34.0    0   0.0  0.0   119.95  098.60   MP21   -31.021   -177.554    15.0    SKS	Q1
2019 065 15 46  -49.0    0   0.0  0.0   120.91  098.90   MP22   -32.024   -177.885    29.0    SKS	Q1
2019 026 19 56  -11.0    0   0.0  0.0   111.17  093.71   MP23   -21.048   -178.959   588.0    SKS	Q1
2019 175 11 34  -54.0    0   0.0  0.0   119.61  098.74   MP23   -30.763   -177.353    10.0    SKS	Q1
2018 357 23 08    7.0    0   0.0  0.0   108.11  099.13   MP25   -20.285   -175.071   113.0    SKS	Q1
2019 113 14 20   14.0    0   0.0  0.0   113.52  097.60   MP25   -24.706   -178.764   385.0    SKS	Q1
2019 175 11 34    1.0    0   0.0  0.0   118.75  100.96   MP25   -30.763   -177.353    10.0    SKS	Q1
2018 345 02 26    9.0    0   0.0  0.0   213.85  125.46   MS02   -58.545    -26.386   133.0    SKS	Q1
2019 150 09 03   -3.0    0   0.0  0.0   004.90  143.30   MS02    13.199    -89.306    57.0   SKKS	Q1
2019 175 11 34    6.0    0   0.0  0.0   118.80  100.85   MS02   -30.763   -177.353    10.0    SKS	Q1
2018 357 23 08   23.0    0   0.0  0.0   108.39  098.46   MS04   -20.285   -175.071   113.0    SKS	Q1
2019 053 10 17   68.0    0   0.0  0.0   335.79  157.72   MS04    -2.186    -77.051   145.0    PKS	Q1
2019 065 15 46  -42.0    0   0.0  0.0   120.38  100.25   MS04   -32.024   -177.885    29.0    SKS	Q1
2019 175 11 34  -48.0    0   0.0  0.0   119.02  100.23   MS04   -30.763   -177.353    10.0    SKS	Q1
2018 345 02 26  -48.0    0   0.0  0.0   213.51  126.39   MS06   -58.545    -26.386   133.0    SKS	Q1
2018 357 23 08  -60.0    0   0.0  0.0   108.89  097.22   MS06   -20.285   -175.071   113.0    SKS	Q1
2019 020 01 32  -36.0    0   0.0  0.0   237.92  166.74   MS06   -30.040    -71.382    63.0   SKKS	Q1
2019 026 19 56  -51.0    0   0.0  0.0   111.01  094.16   MS06   -21.048   -178.959   588.0    SKS	Q1
2019 032 16 14  -58.0    0   0.0  0.0   012.67  141.30   MS06    14.582    -92.481    76.0   SKKS	Q1
2019 113 14 20   23.0    0   0.0  0.0   114.30  095.77   MS06   -24.706   -178.764   385.0    SKS	Q1
2019 150 09 03   13.0    0   0.0  0.0   008.09  143.18   MS06    13.199    -89.306    57.0   SKKS	Q1
2019 153 10 36  -63.0    0   0.0  0.0   109.33  098.57   MS06   -21.207   -173.910    10.0    SKS	Q1
2019 169 16 05  -53.0    0   0.0  0.0   119.75  099.16   MS06   -31.021   -177.554    15.0    SKS	Q1
2019 175 11 34  -51.0    0   0.0  0.0   119.44  099.23   MS06   -30.763   -177.353    10.0    SKS	Q1
2019 244 15 54  -67.0    0   0.0  0.0   110.24  094.23   MS06   -20.364   -178.570   591.0    SKS	Q1
2018 357 23 08    5.0    0   0.0  0.0   109.06  096.75   MS07   -20.285   -175.071   113.0    SKS	Q1
2019 053 10 17  -27.0    0   0.0  0.0   339.82  158.79   MS07    -2.186    -77.051   145.0    PKS	Q1
2019 169 16 05  -51.0    0   0.0  0.0   119.94  098.49   MS07   -31.021   -177.554    15.0    SKS	Q1
2018 357 23 08  -33.0    0   0.0  0.0   108.76  097.52   MS10   -20.285   -175.071   113.0    SKS	Q1
2019 069 08 12   24.0    0   0.0  0.0   107.84  093.53   MS10   -17.891   -178.603   578.0    SKS	Q1
2019 153 10 36  -59.0    0   0.0  0.0   109.21  098.87   MS10   -21.207   -173.910    10.0    SKS	Q1
2019 166 21 56    2.0    0   0.0  0.0   109.28  098.64   MS10   -21.181   -174.169    13.0    SKS	Q1
2019 166 22 55   31.0    0   0.0  0.0   119.46  098.83   MS10   -30.644   -178.100    46.0    SKS	Q1
2019 244 15 54   20.0    0   0.0  0.0   110.10  094.52   MS10   -20.364   -178.570   591.0    SKS	Q1
2019 270 12 05  -27.0    0   0.0  0.0   118.94  098.84   MS10   -30.173   -177.863    34.0    SKS	Q1
2019 175 11 34   35.0    0   0.0  0.0   118.92  100.54   MS11   -30.763   -177.353    10.0    SKS	Q1
2018 253 04 19   20.0    0   0.0  0.0   121.42  096.31   M002   -31.745   -179.373   115.0    SKS	Q1
2018 259 21 11   22.0    0   0.0  0.0   116.31  092.03   M002   -25.415    178.199   576.0    SKS	Q1
2018 357 23 08   21.0    0   0.0  0.0   109.31  096.01   M002   -20.285   -175.071   113.0    SKS	Q1
2018 231 00 23  -54.0    0   0.0  0.0   108.60  092.27   M003   -18.445   -177.640   575.0    SKS	Q1
2018 253 04 19  -30.0    0   0.0  0.0   121.60  095.40   M004   -31.745   -179.373   115.0    SKS	Q1
2018 058 17 29  -22.0    0   0.0  0.0   155.82  091.96   M007   -60.249    150.779    10.0    SKS	Q1
2019 030 07 44  -22.0    0   0.0  0.0   244.25  166.28   M007   -25.898    -70.668    51.0   SKKS	Q1
2019 053 10 17  -40.0    0   0.0  0.0   337.58  160.47   M007    -2.186    -77.051   145.0    PKS	Q1
2019 172 08 37  -90.0    0   0.0  0.0   119.94  097.71   M007   -30.859   -177.468    14.0    SKS	Q1
2018 028 16 03   23.0    0   0.0  0.0   218.22  103.34   M008   -53.062      9.684    10.0    SKS	Q1
2018 357 23 08  -47.0    0   0.0  0.0   109.24  096.19   M008   -20.285   -175.071   113.0    SKS	Q1
2019 027 10 16   14.0    0   0.0  0.0   109.92  093.69   M008   -20.103   -177.816   562.0    SKS	Q1
2019 053 10 17  -69.0    0   0.0  0.0   336.94  160.84   M008    -2.186    -77.051   145.0    PKS	Q1
2019 153 10 36  -27.0    0   0.0  0.0   109.76  097.51   M008   -21.207   -173.910    10.0    SKS	Q1
2019 166 22 55  -51.0    0   0.0  0.0   119.95  096.96   M008   -30.644   -178.100    46.0    SKS	Q1
2019 172 08 37  -90.0    0   0.0  0.0   119.98  097.54   M008   -30.859   -177.468    14.0    SKS	Q1
2017 291 12 00   -9.0    0   0.0  0.0   109.29  096.97   M010   -20.591   -173.802    10.0    SKS	Q1
2018 058 17 29  -60.0    0   0.0  0.0   156.01  091.74   M010   -60.249    150.779    10.0    SKS	Q1
2018 023 09 31  -48.0    0   0.0  0.0   030.83  087.85   M011    55.910   -149.052    10.0    SKS	Q1
2018 124 22 32   32.0    0   0.0  0.0   065.51  100.47   M011    19.385   -155.034     5.0    SKS	Q1
2017 269 04 20  -49.0    0   0.0  0.0   113.13  094.69   M012   -23.581   -176.837    96.0    SKS	Q1	
2018 231 00 19  -59.0    0   0.0  0.0   108.32  091.86   M012   -18.113   -178.153   600.0   SKKS	Q1
2018 231 04 28  -55.0    0   0.0  0.0   107.21  091.61   M012   -16.978   -178.033   415.0    SKS	Q1
2018 253 04 19   39.0    0   0.0  0.0   121.60  095.02   M012   -31.745   -179.373   115.0    SKS	Q1
2018 259 21 11   23.0    0   0.0  0.0   116.30  090.98   M012   -25.415    178.199   576.0    SKS	Q1
2018 357 23 08   25.0    0   0.0  0.0   109.50  095.29   M012   -20.285   -175.071   113.0    SKS	Q1
2017 269 04 20  -17.0    0   0.0  0.0   112.30  097.48   M021   -23.581   -176.837    96.0    SKS	Q1
2017 291 12 00   23.0    0   0.0  0.0   108.51  099.13   M021   -20.591   -173.802    10.0    SKS	Q1
2018 253 04 19   25.0    0   0.0  0.0   120.79  098.16   M021   -31.745   -179.373   115.0    SKS	Q1
2018 259 21 11  -27.0    0   0.0  0.0   115.63  093.91   M021   -25.415    178.199   576.0    SKS	Q1
2018 322 20 25   16.0    0   0.0  0.0   107.65  093.65   M021   -17.873   -178.927   540.0    SKS	Q1
2018 340 23 26  -56.0    0   0.0  0.0   115.97  085.51   M021   -22.352    169.637     9.0    SKS	Q1
2019 020 01 32  -38.0    0   0.0  0.0   233.86  164.42   M021   -30.040    -71.382    63.0   SKKS	Q1
2019 270 12 05   18.0    0   0.0  0.0   118.85  098.85   M021   -30.173   -177.863    34.0   SKKS	Q1
2019 295 04 18  -22.0    0   0.0  0.0   103.12  098.02   M021   -15.170   -173.007    29.0    SKS	Q1
2018 249 15 49  -61.0    0   0.0  0.0   109.06  091.68   M022   -18.474    179.350   670.0   SKKS	Q1
2018 259 21 11   16.0    0   0.0  0.0   115.87  093.26   M022   -25.415    178.199   576.0    SKS	Q1
2018 357 23 08   16.0    0   0.0  0.0   108.86  097.25   M022   -20.285   -175.071   113.0    SKS	Q1
2019 053 10 17   64.0    0   0.0  0.0   336.34  159.40   M022    -2.186    -77.051   145.0    PKS	Q1
2019 053 10 17  -90.0    0   0.0  0.0   336.34  159.40   M022    -2.186    -77.051   145.0   SKKS	Q1	
2017 231 02 00   20.0    0   0.0  0.0   107.96  093.22   M023   -17.961   -178.841   544.0    SKS	Q1
2017 281 20 48  -12.0    0   0.0  0.0   155.62  096.15   M023   -61.747    154.598    10.0    SKS	Q1
2018 138 01 45   38.0    0   0.0  0.0   123.36  099.60   M023   -34.589   -178.414    11.0    SKS	Q1	
2018 231 04 28  -57.0    0   0.0  0.0   106.77  093.57   M023   -16.978   -178.033   415.0    SKS	Q1
2018 322 20 25   16.0    0   0.0  0.0   107.91  093.11   M023   -17.873   -178.927   540.0    SKS	Q1
2018 340 23 26  -53.0    0   0.0  0.0   116.36  085.11   M023   -22.352    169.637     9.0    SKS	Q1
2019 027 10 16   23.0    0   0.0  0.0   109.58  094.92   M023   -20.103   -177.816   562.0    SKS	Q1
2019 095 16 14  -56.0    0   0.0  0.0   215.97  126.38   M023   -55.931    -27.852    57.0   SKKS	Q1
2018 194 09 46   48.0    0   0.0  0.0   113.21  084.36   M024   -18.928    169.047   167.0    SKS	Q1
2018 253 19 31   27.0    0   0.0  0.0   115.48  086.65   M024   -21.988    170.158    12.0    SKS	Q1
2018 289 00 28   65.0    0   0.0  0.0   115.70  086.07   M024   -21.923    169.487    12.0    SKS	Q1
2018 357 23 08   60.0    0   0.0  0.0   108.34  098.58   M024   -20.285   -175.071   113.0    SKS	Q1
2019 166 21 56  -65.0    0   0.0  0.0   108.87  099.69   M024   -21.181   -174.169    13.0    SKS	Q1
2019 172 08 37   28.0    0   0.0  0.0   119.09  100.35   M024   -30.859   -177.468    14.0    SKS	Q1
2019 172 08 37  -90.0    0   0.0  0.0   119.09  100.35   M024   -30.859   -177.468    14.0    SKS	Q1
2017 281 20 48   -1.0    0   0.0  0.0   155.73  096.85   M025   -61.747    154.598    10.0    SKS	Q1
2018 253 19 31   10.0    0   0.0  0.0   116.13  085.37   M025   -21.988    170.158    12.0    SKS	Q1
2019 010 17 00   16.0    0   0.0  0.0   115.23  099.25   M025   -26.904   -175.545    10.0    SKS	Q1
2019 053 10 17  -22.0    0   0.0  0.0   339.96  157.92   M025    -2.186    -77.051   145.0    PKS	Q1
2019 065 15 46  -48.0    0   0.0  0.0   120.80  099.20   M025   -32.024   -177.885    29.0    SKS	Q1
2017 263 20 09   27.0    0   0.0  0.0   113.63  084.23   M027   -18.785    169.095   197.0    SKS	Q1
2019 053 10 17  -21.0    0   0.0  0.0   329.89  159.61   EW01    -2.186    -77.051   145.0    PKS	Q1
2019 146 07 41  -18.0    0   0.0  0.0   319.47  161.67   EW01    -5.812    -75.270   122.0   SKKS	Q1
2018 124 22 32  -28.0    0   0.0  0.0   064.31  101.91   EW02    19.385   -155.034     5.0    SKS	Q1
2018 023 09 31  -49.0    0   0.0  0.0   030.00  088.37   EW03    55.910   -149.052    10.0    SKS	Q1
2018 028 16 03  -47.0    0   0.0  0.0   218.08  102.98   EW04   -53.062      9.684    10.0    SKS	Q1
2018 310 16 11  -69.0    0   0.0  0.0   110.53  098.29   EW04   -22.185   -174.530    10.0    SKS	Q1
2018 357 23 08   22.0    0   0.0  0.0   108.88  097.21   EW04   -20.285   -175.071   113.0    SKS	Q1
2019 153 10 36  -24.0    0   0.0  0.0   109.41  098.53   EW04   -21.207   -173.910    10.0    SKS	Q1
2017 269 04 20   24.0    0   0.0  0.0   112.70  096.28   EW05   -23.581   -176.837    96.0    SKS	Q1
2017 283 18 53   -8.0    0   0.0  0.0   217.15  104.20   EW05   -54.263      8.609     9.0    SKS	Q1
2017 291 12 00  -61.0    0   0.0  0.0   108.94  097.97   EW05   -20.591   -173.802    10.0    SKS	Q1
2018 249 15 49   24.0    0   0.0  0.0   109.15  091.18   EW05   -18.474    179.350   670.0   SKKS	Q1
2017 231 02 00    0.0    0   0.0  0.0   108.58  091.33   EW06   -17.961   -178.841   544.0    SKS	Q1
2017 269 04 20   24.0    0   0.0  0.0   113.16  095.06   EW06   -23.581   -176.837    96.0    SKS	Q1
2017 308 09 00  -13.0    0   0.0  0.0   104.21  095.51   EW06   -15.320   -173.168    10.0    SKS	Q1
2018 092 05 57   16.0    0   0.0  0.0   114.24  095.41   EW06   -24.719   -176.887    92.0    SKS	Q1	
2018 231 00 19    0.0    0   0.0  0.0   108.49  091.99   EW06   -18.113   -178.153   600.0    SKS	Q1
2018 259 21 11   18.0    0   0.0  0.0   116.49  091.50   EW06   -25.415    178.199   576.0    SKS	Q1
2018 357 23 08    7.0    0   0.0  0.0   109.50  095.48   EW06   -20.285   -175.071   113.0    SKS	Q1
2019 172 08 37  -68.0    0   0.0  0.0   120.20  097.01   EW06   -30.859   -177.468    14.0    SKS	Q1
2019 270 12 05  -66.0    0   0.0  0.0   119.67  096.46   EW06   -30.173   -177.863    34.0    SKS	Q1
2017 269 04 20   24.0    0   0.0  0.0   113.33  094.64   EW07   -23.581   -176.837    96.0    SKS	Q1
2019 270 12 05   31.0    0   0.0  0.0   119.83  096.07   EW07   -30.173   -177.863    34.0    SKS	Q1
2019 294 02 51   23.0    0   0.0  0.0   113.40  083.75   GF01   -19.018    169.488   231.0    SKS	Q1
2020 280 10 11   19.0    0   0.0  0.0   107.80  093.76   GF01   -17.996   -178.472   633.0    SKS	Q1
2020 335 22 54  -86.0    0   0.0  0.0   260.05  163.69   GF01   -24.29     -67.506   197.0   SKKS	Q1 
2020 155 07 34  -12.0    0   0.0  0.0   273.62  166.73   GF02   -23.247    -68.530   123.0   SKKS	Q1
2020 155 07 35  -12.0    0   0.0  0.0   273.62  166.73   GF02   -23.247    -68.530   123.0   SKKS	Q1
2020 170 12 48   31.0    0   0.0  0.0   122.25  099.36   GF02   -33.293   -177.857    10.0    SKS	Q1
2020 245 21 09  -85.0    0   0.0  0.0   250.24  169.29   GF02   -27.975    -71.553    24.0   SKKS	Q1
2019 095 16 14  -52.0    0   0.0  0.0   217.09  130.03   GF04   -55.931    -27.852    57.0    SKS	Q1
2019 175 11 33   26.0    0   0.0  0.0   119.77  098.42   GF05   -30.763   -177.353    10.0    SKS	Q1
2020 341 16 47  -33.0    0   0.0  0.0   283.62  166.35   GF08   -20.358    -69.070   108.0   SKKS	Q1
2019 053 10 17  -21.0    0   0.0  0.0   343.08  156.28   GF09    -2.186    -77.051   145.0    PKS	Q1
2020 170 12 48  -48.0    0   0.0  0.0   121.92  100.19   GF09   -33.293   -177.857    10.0    SKS	Q1
2020 170 12 49  -47.0    0   0.0  0.0   121.92  100.19   GF09   -33.293   -177.857    10.0    SKS	Q1
2020 327 00 54  -76.0    0   0.0  0.0   222.21  166.83   GF09   -34.531    -73.098    24.0   SKKS	Q1
2019 153 10 35   39.0    0   0.0  0.0   109.55  098.18   GF12   -21.207   -173.910    10.0    SKS	Q1	
2020 275 01 13   19.0    0   0.0  0.0   107.45  098.70   GF13   -19.538   -174.122    28.0    SKS	Q1
2020 155 07 35   43.0    0   0.0  0.0   284.68  166.63   GF14   -23.247    -68.530   123.0   SKKS	Q1
2020 170 12 48  -85.0    0   0.0  0.0   121.99  100.45   GF14   -33.293   -177.857    10.0    SKS	Q1
2020 170 12 48  -59.0    0   0.0  0.0   121.68  100.71   GF18   -33.293   -177.857    10.0    SKKS	Q1
2020 170 12 49    1.0    0   0.0  0.0   121.68  100.71   GF18   -33.293   -177.857    10.0    SKS	Q1	
2020 275 01 13   11.0    0   0.0  0.0   107.56  098.42   GF18   -19.538   -174.122    28.0    SKS	Q1
2019 095 16 14  -62.0    0   0.0  0.0   217.47  128.97   GF19   -55.931    -27.852    57.0    SKS	Q1
2020 170 12 49  -36.0    0   0.0  0.0   121.44  101.32   GF19   -33.293   -177.857    10.0    SKS	Q1
2019 053 10 17  -21.0    0   0.0  0.0   340.94  158.66   GF25    -2.186    -77.051   145.0    PKS	Q1	
2019 312 10 43  -61.0    0   0.0  0.0   111.89  094.51   GF28   -21.945   -179.511   577.0    SKS	Q1
2019 053 10 17   69.0    0   0.0  0.0   341.67  156.88   GF30    -2.186    -77.051   145.0    PKS	Q1
2019 172 08 36  -14.0    0   0.0  0.0   119.51  099.45   GF30   -30.859   -177.468    14.0    SKS	Q1
2021 041 16 35    9.0    0   0.0  0.0   117.28  086.66   GF08   -23.336    171.648    10.0    SKS	Q1
2021 063 13 27   37.0    0   0.0  0.0   127.00  098.90   GF08   -37.479    179.458    10.0    SKS	Q1
2021 064 02 30  -34.0    0   0.0  0.0   117.25  099.41   GF09   -28.749   -176.558    17.0    SKS	Q1
2021 065 12 05  -35.0    0   0.0  0.0   117.36  098.20   GF09   -28.356   -177.874    15.0    SKS	Q1	
2021 063 13 27   26.0    0   0.0  0.0   126.86  099.20   GF11   -37.479    179.458    10.0    SKS	Q1
2021 063 13 27   43.0    0   0.0  0.0   126.38  100.36   GF13   -37.479    179.458    10.0    SKS	Q1
2021 114 00 23   17.0    0   0.0  0.0   107.67  096.59   GF13   -18.904   -176.270   301.0    SKS	Q1
2021 119 06 50   50.0    0   0.0  0.0   117.38  100.55   GF13   -29.339   -176.321    10.0    SKS	Q1
2021 041 21 23   25.0    0   0.0  0.0   116.61  087.97   GF18   -23.191   171.583     12.0    SKS	Q1 
2021 063 13 27  -70.0    0   0.0  0.0   126.46  100.32   GF18   -37.479    179.458    10.0    SKS	Q1
2016 245 16 37   66.0    0   0.0  0.0   128.53  090.16   TS01   -37.359    179.146    19.0    SKS	Q1	
2016 268 21 28  -89.0    0   0.0  0.0   110.96  087.75   TS02   -19.782   -178.244   596.0    SKS	Q1
2017 002 13 14  -82.0    0   0.0  0.0   114.95  086.49   TS02   -23.251    179.238   551.0    SKS	Q1
2018 021 01 06   33.0    0   0.0  0.0   246.08  168.55   TS02   -18.881    -69.445   116.0   SKKS	Q1
2018 345 02 26   82.0    0   0.0  0.0   209.58  120.63   TS02   -58.545    -26.386   133.0   SKKS	Q1
2017 002 13 14   13.0    0   0.0  0.0   115.13  086.54   TS03   -23.251    179.238   551.0    SKS	Q1
2018 231 04 28   70.0    0   0.0  0.0   108.15  088.39   TS05   -16.978   -178.033   415.0    SKS	Q1
2018 236 09 04  -64.0    0   0.0  0.0   298.49  168.55   TS05   -11.035    -70.828   630.0   SKKS	Q1
2018 021 01 06   -6.0    0   0.0  0.0   263.48  168.89   TS06   -18.881    -69.445   116.0   SKKS	Q1
2017 055 17 28   26.0    0   0.0  0.0   114.32  090.68   TS07   -23.259   -178.804   414.0    SKS	Q1
2018 231 04 28  -41.0    0   0.0  0.0   108.58  088.50   TS08   -16.978   -178.033   415.0    SKS	Q1
2017 008 23 46  -27.0    0   0.0  0.0   003.50  086.83   TS09    74.273    -92.241    18.0    SKS	Q1
2018 334 17 29   34.0    0   0.0  0.0   027.20  085.53   TS12    61.316   -149.925    54.0    SKS	Q1
2018 334 17 28   83.0    0   0.0  0.0   026.90  087.81   TS13    61.316   -149.925    54.0    SKS	Q1
2018 334 17 35  -85.0    0   0.0  0.0   026.93  087.81   TS13    61.283   -149.939    49.0    SKS	Q1
2018 124 22 32  -25.0    0   0.0  0.0   067.31  099.82   TS15    19.385   -155.034     5.0   SKKS	Q1
2018 310 16 10   77.0    0   0.0  0.0   112.32  091.53   TS15   -22.185   -174.530    10.0    SKS	Q1
2018 345 02 25  -88.0    0   0.0  0.0   209.36  119.73   TS15   -58.545    -26.386   133.0    SKS	Q1
2018 231 04 28  -81.0    0   0.0  0.0   108.34  086.94   TS20   -16.978   -178.033   415.0    SKS	Q1
2018 124 22 32   65.0    0   0.0  0.0   068.00  098.30   TS24    19.385   -155.034     5.0    SKS	Q1
2018 334 17 28   19.0    0   0.0  0.0   027.21  087.62   TS24    61.316   -149.925    54.0    SKS	Q1
2018 021 01 05  -73.0    0   0.0  0.0   238.47  170.49   TS26   -18.881    -69.445   116.0   SKKS	Q1
2018 334 17 29  -62.0    0   0.0  0.0   027.39  085.03   TS27    61.316   -149.925    54.0    SKS	Q1
2018 334 17 34  -62.0    0   0.0  0.0   027.42  085.04   TS27    61.283   -149.939    49.0    SKS	Q1
2017 055 17 28   45.0    0   0.0  0.0   115.78  084.05   TS29   -23.259   -178.804   414.0    SKS	Q1
2018 345 02 26   55.0    0   0.0  0.0   208.78  123.38   TS31   -58.545    -26.386   133.0    SKS	Q1
2018 124 22 32  -63.0    0   0.0  0.0   068.16  095.37   TS34    19.385   -155.034     5.0    SKS	Q1
2017 055 17 28   56.0    0   0.0  0.0   115.18  086.83   TS35   -23.259   -178.804   414.0    SKS	Q1
2018 021 01 06  -17.0    0   0.0  0.0   251.05  171.36   TS35   -18.881    -69.445   116.0   SKKS	Q1
2018 028 16 03   -4.0    0   0.0  0.0   218.46  104.14   TS35   -53.062      9.684    10.0    SKS	Q1
2017 055 17 28   25.0    0   0.0  0.0   116.08  085.10   TS36   -23.259   -178.804   414.0    SKS	Q1
2017 055 17 28   33.0    0   0.0  0.0   115.19  087.29   TS38   -23.259   -178.804   414.0    SKS	Q1
2018 021 01 06   45.0    0   0.0  0.0   262.34  171.99   TS40   -18.881    -69.445   116.0   SKKS	Q1
2018 231 04 28    9.0    0   0.0  0.0   109.21  085.86   TS40   -16.978   -178.033   415.0    SKS	Q1
2018 345 02 26   70.0    0   0.0  0.0   210.01  124.92   TS40   -58.545    -26.386   133.0    SKS	Q1
2018 345 02 26   51.0    0   0.0  0.0   210.01  124.92   TS40   -58.545    -26.386   133.0   SKKS	Q1
2009 078 18 17   87.0    0   0.0  0.0   012.84  094.01   CMMT   -23.043   -174.660    31.0    SKS	Q1 
2009 106 14 57   84.0    0   0.0  0.0   009.13  023.67   CMMT   -60.203    -26.858    20.0    SKS	Q1	
2009 136 00 53   84.0    0   0.0  0.0   022.08  093.30   CMMT   -31.553   -178.833    43.0   SKKS	Q1
2009 328 12 47   25.0    0   0.0  0.0   010.45  093.82   CMMT   -20.708    -174.035   18.0    SKS	Q1
2010 085 14 52  -77.0    0   0.0  0.0   224.03  166.93   CMMT   -27.953    -70.821    42.0   SKKS	Q1
2010 247 08 52   18.0    0   0.0  0.0   107.28  092.79   CMMT   -17.368   -173.999    69.0    SKS	Q1
2012 119 10 08  -83.0    0   0.0  0.0   108.74  092.57   CMMT   -18.685   -174.705   134.0    SKS	Q1
2013 143 17 19  -77.0    0   0.0  0.0   113.59  091.76   CMMT   -23.009   -177.232   173.0    SKS	Q1
2013 202 05 09   71.0    0   0.0  0.0   133.53  091.92   CMMT   -41.704    174.337    17.0    SKS	Q1
2014 033 09 26  -76.0    0   0.0  0.0   123.09  094.51   CMMT   -32.908   -177.881    44.0    SKS	Q1
2014 174 19 19  -76.0    0   0.0  0.0   120.28  093.66   CMMT   -29.977   -177.725    20.0   SKKS	Q1
2014 180 07 52   41.0    0   0.0  0.0   214.11  126.27   CMMT   -55.460    -28.520    35.0    SKS	Q1
2014 184 19 50   85.0    0   0.0  0.0   120.37  094.87   CMMT   -30.460   -176.445    35.0    SKS	Q1
2014 320 22 33  -74.0    0   0.0  0.0   128.23  094.23   CMMT   -37.648    179.662    22.0    SKS	Q1
2016 268 21 28  -80.0    0   0.0  0.0   110.88  089.78   CMMT   -19.782   -178.244   596.0    SKS	Q1
2017 269 04 20  -81.0    0   0.0  0.0   114.00  092.29   CMMT   -23.581   -176.837    96.0    SKS	Q1
2017 269 04 20   28.0    0   0.0  0.0   114.41  091.64   CRAI   -23.581   -176.837    96.0    SKS	Q1
2018 231 04 28  -64.0    0   0.0  0.0   108.71  088.19   CRAI   -16.978   -178.033   415.0    SKS	Q1
2011 108 13 03   26.0    0   0.0  0.0   125.89  090.41   LOEI   -34.336    179.874    86.0    SKS	Q1
2010 044 02 34  -19.0    0   0.0  0.0   111.47  094.60   MHIT   -21.902   -174.767    11.0    SKS	Q1
2010 101 22 08  -40.0    0   0.0  0.0   308.22  087.36   MHIT    36.965     -3.542   609.0    SKS	Q1
2011 052 10 57   30.0    0   0.0  0.0   117.58  090.17   MHIT   -26.142    178.394   558.0    SKS	Q1
2011 065 14 32  -61.0    0   0.0  0.0   213.77  125.07   MHIT   -56.422    -27.063    87.0    SKS	Q1
2011 108 13 03   18.0    0   0.0  0.0   124.76  094.28   MHIT   -34.336    179.874    86.0    SKS	Q1
2011 236 17 46  -41.0    0   0.0  0.0   326.84  166.29   MHIT    -7.641    -74.525   147.0   SKKS	Q1
2014 202 14 54  -83.0    0   0.0  0.0   112.30  085.67   NONG   -19.801   -178.400   615.0    SKS	Q1
2014 305 18 57  -80.0    0   0.0  0.0   112.02  086.22   NONG   -19.733   -177.750   416.0    SKS	Q1
2015 082 04 51  -56.0    0   0.0  0.0   263.03  173.22   NONG   -18.760    -69.750   125.0   SKKS	Q1
2021 063 13 27   41.0    0   0.0  0.0   128.47  093.83   CRAI   -37.479    179.458    10.0    SKS	Q1
2021 243 02 52    8.0    0   0.0  0.0   118.80  098.67   KTA_   -29.921   -177.380    16.0   SKKS	Q1	
2021 010 03 54  -14.0    0   0.0  0.0   256.79  162.94   NGU_   -24.118    -66.870   208.0   SKKS	Q1
2021 048 22 49   18.0    0   0.0  0.0   116.18  086.88   NGU_   -23.184    171.779    12.0    SKS	Q1
2021 063 13 27  -46.0    0   0.0  0.0   126.81  098.47   NGU_   -37.479    179.458    10.0    SKS	Q1
2021 248 17 51  -52.0    0   0.0  0.0   110.39  098.13   NGU_   -22.011   -174.592    10.0    SKS	Q1
2021 282 10 58   27.0    0   0.0  0.0   113.33  088.40   NGU_   -21.189    174.522   535.0    SKS	Q1
2022 130 23 06   -4.0    0   0.0  0.0   259.19  163.41   NGU_   -23.382    -67.309   249.0   SKKS	Q1
2022 257 11 04  -49.0    0   0.0  0.0   114.96  084.78   NGU_   -21.191    170.267   137.0    SKS	Q1
2022 338 19 24  -68.0    0   0.0  0.0   103.57  097.33   NGU_   -15.350   -172.987    38.0    SKS	Q1
2021 041 21 24   25.0    0   0.0  0.0   117.05  084.76   TGI_   -23.191    171.583    12.0    SKS	Q1
2021 048 22 49   16.0    0   0.0  0.0   116.97  084.92   TGI_   -23.184    171.779    12.0    SKS	Q1
2021 065 00 16  -75.0    0   0.0  0.0   127.50  096.76   TGI_   -37.576    179.595    13.0    SKS	Q1
2021 065 12 05  -65.0    0   0.0  0.0   118.09  095.51   TGI_   -28.356   -177.874    15.0    SKS	Q1
2021 072 21 21   28.0    0   0.0  0.0   117.52  096.46   TGI_   -28.150   -176.633    14.0    SKS	Q1
2021 248 17 51  -32.0    0   0.0  0.0   111.10  096.13   TGI_   -22.011   -174.592    10.0    SKS	Q1
2021 275 06 29   28.0    0   0.0  0.0   113.90  086.71   TGI_   -21.127    174.896   527.0    SKS	Q1
2021 282 10 58   22.0    0   0.0  0.0   114.10  086.42   TGI_   -21.189    174.522   535.0    SKS	Q1
2022 029 02 46   20.0    0   0.0  0.0   118.88  096.87   TGI_   -29.564   -176.722     8.0    SKS	Q1
2022 078 21 24  -48.0    0   0.0  0.0   114.73  095.77   TGI_   -25.298   -176.300    21.0    SKS	Q1	
2022 109 04 33   10.0    0   0.0  0.0   110.38  096.64   TGI_   -21.501   -173.811    18.0    SKS	Q1
2022 142 07 06  -51.0    0   0.0  0.0   117.30  091.68   TGI_   -26.213    178.450   603.0    SKS	Q1
2022 313 09 38   26.0    0   0.0  0.0   117.17  091.46   TGI_   -26.008    178.278   630.0    SKS	Q1
2021 065 12 05  -55.0    0   0.0  0.0   116.81  099.34   TMU_   -28.356   -177.874    15.0    SKS	Q1
2021 072 21 21   39.0    0   0.0  0.0   116.19  100.28   TMU_   -28.150   -176.633    14.0    SKS	Q1
2021 275 06 29  -56.0    0   0.0  0.0   112.92  090.40   TMU_   -21.127    174.896   527.0    SKS	Q1
2019 020 01 32   -2.0    0   0.0  0.0   238.15  164.66   HKA_   -30.040    -71.382    63.0   SKKS	Q1
2017 291 12 00    4.0    0   0.0  0.0   108.87  098.06   KTA_   -20.591   -173.802    10.0    SKS	Q1
2016 252 21 46  -20.0    0   0.0  0.0   148.86  093.14   MDY_   -54.614    158.713    10.0    SKS	Q1	
2017 192 07 00   52.0    0   0.0  0.0   142.76  093.15   MDY_   -49.484    164.016    10.0    SKS	Q1
2017 281 20 48  -29.0    0   0.0  0.0   155.95  095.57   MDY_   -61.747    154.598    10.0    SKS	Q1
2017 231 02 00  -46.0    0   0.0  0.0   107.99  092.98   NGU_   -17.961   -178.841   544.0    SKS	Q1
2017 269 04 20  -51.0    0   0.0  0.0   112.58  096.71   NGU_   -23.581   -176.837    96.0    SKS	Q1
2017 283 06 32    4.0    0   0.0  0.0   277.93  165.31   NGU_   -18.489    -69.739    99.0   SKKS	Q1
2017 291 12 00  -53.0    0   0.0  0.0   108.79  098.35   NGU_   -20.591   -173.802    10.0    SKS	Q1	
2018 021 01 06  -72.0    0   0.0  0.0   276.20  165.12   NGU_   -18.881    -69.445   116.0   SKKS	Q1
2018 023 09 31   35.0    0   0.0  0.0   030.47  086.18   NGU_    55.910   -149.052    10.0    SKS	Q1
2018 233 21 31    3.0    0   0.0  0.0   323.45  141.47   NGU_    10.773    -62.902   146.0   SKKS	Q1	
2018 249 15 49   27.0    0   0.0  0.0   109.09  091.57   NGU_   -18.474    179.350   670.0    SKS	Q1
2019 005 19 25  -11.0    0   0.0  0.0   312.92  161.61   NGU_    -8.144    -71.587   570.0   SKKS	Q1
2019 020 01 32  -44.0    0   0.0  0.0   231.77  164.84   NGU_   -30.040    -71.382    63.0   SKKS	Q1
2019 065 15 46  -31.0    0   0.0  0.0   120.88  098.69   NGU_   -32.024   -177.885    29.0    SKS	Q1
2019 153 10 36  -62.0    0   0.0  0.0   109.41  098.46   NGU_   -21.207   -173.910    10.0    SKS	Q1
2020 155 07 35   11.0    0   0.0  0.0   259.38  164.54   NGU_   -23.247    -68.530   123.0   SKKS	Q1
2020 155 09 31  -48.0    0   0.0  0.0   113.57  097.19   NGU_   -24.675   -176.711    69.0    SKS	Q1
2020 170 12 49  -49.0    0   0.0  0.0   122.08  099.13   NGU_   -33.293   -177.857    10.0    SKS	Q1
2018 305 22 19   11.0    0   0.0  0.0   268.82  163.20   SIM_   -19.583    -69.266   102.0   SKKS	Q1
2017 269 04 20   28.0    0   0.0  0.0   113.29  094.72   TGI_   -23.581   -176.837    96.0    SKS	Q1
2017 291 12 00    1.0    0   0.0  0.0   109.51  096.34   TGI_   -20.591   -173.802    10.0    SKS	Q1
2018 021 01 06    6.0    0   0.0  0.0   276.06  167.14   TGI_   -18.881    -69.445   116.0   SKKS	Q1
2018 124 22 32   88.0    0   0.0  0.0   065.40  098.96   TGI_    19.385   -155.034     5.0    SKS	Q1
2018 231 04 28  -39.0    0   0.0  0.0   107.55  091.33   TGI_   -16.978   -178.033   415.0    SKS	Q1
2018 259 21 11    6.0    0   0.0  0.0   116.65  091.17   TGI_   -25.415    178.199   576.0    SKS	Q1
2018 273 10 52  -60.0    0   0.0  0.0   108.84  091.80   TGI_   -18.360   -178.063   550.0    SKS	Q1
2018 345 02 26  -59.0    0   0.0  0.0   212.20  124.78   TGI_   -58.545    -26.386   133.0    SKS	Q1
2019 005 19 25  -58.0    0   0.0  0.0   317.13  163.31   TGI_    -8.144    -71.587   570.0   SKKS	Q1
2019 065 15 46  -55.0    0   0.0  0.0   121.54  096.77   TGI_   -32.024   -177.885    29.0    SKS	Q1
2019 095 16 14   22.0    0   0.0  0.0   214.97  126.34   TGI_   -55.931    -27.852    57.0    SKS	Q1
2019 166 21 56  -56.0    0   0.0  0.0   110.19  096.22   TGI_   -21.181   -174.169    13.0    SKS	Q1
2019 170 07 01   22.0    0   0.0  0.0   120.12  096.28   TGI_   -30.524   -177.848    30.0    SKS	Q1
2019 175 11 34  -82.0    0   0.0  0.0   120.20  096.76   TGI_   -30.763   -177.353    10.0    SKS	Q1
2020 077 16 06  -63.0    0   0.0  0.0   104.69  096.25   TGI_   -16.025   -172.191    10.0    SKS	Q1
2020 170 12 49   33.0    0   0.0  0.0   122.73  097.23   TGI_   -33.293   -177.857    10.0    SKS	Q1
2016 139 07 57   84.0    0   0.0  0.0   345.99  154.83   TMU_     0.426    -79.790    16.0   SKKS	Q1
2016 195 12 11   40.0    0   0.0  0.0   115.99  100.38   TMU_   -28.005   -176.443    12.0    SKS	Q1
2016 245 16 37  -44.0    0   0.0  0.0   126.20  100.44   TMU_   -37.359    179.146    19.0    SKS	Q1
2016 292 16 36   24.0    0   0.0  0.0   112.86  095.74   TMU_   -23.326   -179.843   540.0    SKS	Q1
2017 055 17 28   28.0    0   0.0  0.0   112.41  096.59   TMU_   -23.259   -178.804   414.0    SKS	Q1
2017 121 14 18  -54.0    0   0.0  0.0   023.19  086.47   TMU_    59.790   -136.710     7.0    SKS	Q1
2017 192 07 00   40.0    0   0.0  0.0   142.05  095.91   TMU_   -49.484    164.016    10.0    SKS	Q1
2017 291 12 00   34.0    0   0.0  0.0   108.13  099.85   TMU_   -20.591   -173.802    10.0    SKS	Q1
2017 308 09 00   22.0    0   0.0  0.0   102.99  098.40   TMU_   -15.320   -173.168    10.0    SKS	Q1	
2018 231 04 28   29.0    0   0.0  0.0   106.37  094.75   TMU_   -16.978   -178.033   415.0    SKS	Q1
2018 250 02 12   77.0    0   0.0  0.0   341.96  157.15   TMU_    -2.253    -78.790   110.0   SKKS	Q1
2018 253 04 19  -45.0    0   0.0  0.0   120.47  099.43   TMU_   -31.745   -179.373   115.0    SKS	Q1
2018 253 19 31   32.0    0   0.0  0.0   115.66  086.84   TMU_   -21.988    170.158    12.0    SKS	Q1
2018 289 00 28   35.0    0   0.0  0.0   115.89  086.26   TMU_   -21.923    169.487    12.0    SKS	Q1
2019 005 19 25   57.0    0   0.0  0.0   317.49  159.07   TMU_    -8.144    -71.587   570.0   SKKS	Q1
2019 065 15 46  -47.0    0   0.0  0.0   120.25  100.71   TMU_   -32.024   -177.885    29.0    SKS	Q1
2019 153 10 36   32.0    0   0.0  0.0   108.74  099.98   TMU_   -21.207   -173.910    10.0    SKS	Q1
2019 166 22 11   33.0    0   0.0  0.0   119.02  100.02   TMU_   -30.644   -178.100    46.0    SKS	Q1 
2019 175 11 34   39.0    0   0.0  0.0   118.89  100.66   TMU_   -30.763   -177.353    10.0    SKS	Q1
2020 200 15 32   21.0    0   0.0  0.0   102.75  098.80   TMU_   -15.255   -172.694    12.0    SKS	Q1
2020 275 01 13   19.0    0   0.0  0.0   107.26  099.17   TMU_   -19.538   -174.122    28.0    SKS	Q1
2020 341 16 47  -77.0    0   0.0  0.0   253.79  165.57   YGN_   -20.358    -69.070   108.0   SKKS	Q1
2018 231 00 19  -83.0    0   0.0  0.0   108.81  091.22   EW08   -18.113   -178.153   600.0    SKS	Q2
2018 253 04 19  -48.0    0   0.0  0.0   121.88  095.15   EW08   -31.745   -179.373   115.0    SKS	Q2
2018 273 10 52    2.0    0   0.0  0.0   109.01  091.39   EW08   -18.360   -178.063   550.0    SKS	Q2
2019 026 19 56   29.0    0   0.0  0.0   111.81  091.59   EW08   -21.048   -178.959   588.0    SKS	Q2
2019 053 10 17  -44.0    0   0.0  0.0   343.50  160.66   EW08    -2.186    -77.051   145.0   SKKS	Q2
2019 065 15 46  -59.0    0   0.0  0.0   121.68  096.43   EW08   -32.024   -177.885    29.0    SKS	Q2
2019 095 16 14   33.0    0   0.0  0.0   214.92  126.73   EW08   -55.931    -27.852    57.0    SKS	Q1
2019 172 08 37   12.0    0   0.0  0.0   120.46  096.36   EW08   -30.859   -177.468    14.0    SKS	Q1
2019 172 08 37  -90.0    0   0.0  0.0   120.46  096.36   EW08   -30.859   -177.468    14.0    SKS	Q1
2021 171 17 05  -54.0    0   0.0  0.0   120.59  094.37   KTN_   -30.216   -177.845    25.0    SKS	Q2	
2021 243 02 52   76.0    0   0.0  0.0   120.17  094.64   KTN_   -29.921   -177.380    16.0    SKS	Q2	
2021 243 02 52   33.0    0   0.0  0.0   120.17  094.64   KTN_   -29.921   -177.380    16.0   SKKS	Q2
2021 248 17 51   27.0    0   0.0  0.0   111.89  094.09   KTN_   -22.011   -174.592    10.0    SKS	Q1
2022 029 02 46   34.0    0   0.0  0.0   119.62  095.04   KTN_   -29.564   -176.722     8.0    SKS	Q1	
2022 047 20 21   25.0    0   0.0  0.0   115.40  090.13   KTN_   -23.768    179.998   535.0    SKS	Q1	
2022 079 18 10   27.0    0   0.0  0.0   118.99  094.19   KTN_   -28.659   -177.353    44.0    SKS	Q2
2022 146 12 02   53.0    0   0.0  0.0   303.41  168.66   KTN_   -14.741    -70.639   218.0   SKKS	Q2	
2016 149 05 38  -33.0    0   0.0  0.0   113.10  090.97   KTN_   -21.972   -178.204   405.0    SKS	Q2
2016 195 12 11   30.0    0   0.0  0.0   118.08  094.70   KTN_   -28.005   -176.443    12.0    SKS	Q1
2017 055 17 28   26.0    0   0.0  0.0   114.50  090.95   KTN_   -23.259   -178.804   414.0   SKKS	Q1
2017 269 04 20   30.0    0   0.0  0.0   114.11  092.74   KTN_   -23.581   -176.837    96.0    SKS	Q1	
2017 283 06 32  -35.0    0   0.0  0.0   283.63  169.58   KTN_   -18.489    -69.739    99.0   SKKS	Q2	
2017 291 12 00   23.0    0   0.0  0.0   110.31  094.27   KTN_   -20.591   -173.802    10.0    SKS	Q2
2018 231 04 28  -65.0    0   0.0  0.0   108.45  089.22   KTN_   -16.978   -178.033   415.0    SKS	Q1
2018 236 09 04   50.0    0   0.0  0.0   316.47  166.27   KTN_   -11.035    -70.828   630.0   SKKS	Q1
2018 253 04 19   42.0    0   0.0  0.0   122.50  093.74   KTN_   -31.745   -179.373   115.0    SKS	Q1
2018 259 21 11   30.0    0   0.0  0.0   117.55  089.28   KTN_   -25.415    178.199   576.0    SKS	Q1
2019 169 16 05  -43.0    0   0.0  0.0   121.24  094.91   KTN_   -31.021   -177.554    15.0    SKS	Q2
2019 175 11 34   57.0    0   0.0  0.0   120.94  094.97   KTN_   -30.763   -177.353    10.0    SKS	Q1
2019 312 10 44   77.0    0   0.0  0.0   113.55  089.84   KTN_   -21.945   -179.511   577.0    SKS	Q1
2020 270 17 10  -46.0    0   0.0  0.0   218.47  091.80   KTN_   -48.025     31.740    10.0    SKS	Q1
2020 275 01 13   24.0    0   0.0  0.0   109.43  093.61   KTN_   -19.538   -174.122    28.0    SKS	Q1
2011 052 10 57   33.0    0   0.0  0.0   117.94  089.55   CMAI   -26.142    178.394   558.0    SKS	Q2
2011 065 12 31  -16.0    0   0.0  0.0   277.92  168.87   CMAI   -18.021    -69.362   118.0   SKKS	Q2	
2012 149 05 07  -46.0    0   0.0  0.0   240.26  161.81   CMAI   -28.043    -63.094   586.0    PKS	Q2	
2011 108 13 03  -57.0    0   0.0  0.0   125.44  092.95   CRAI   -34.336    179.874    86.0    SKS	Q2
2011 236 17 46  -40.0    0   0.0  0.0   337.74  166.55   CRAI    -7.641    -74.525   147.0   SKKS	Q2
2016 149 05 38  -61.0    0   0.0  0.0   113.39  089.88   CRAI   -21.972   -178.204   405.0    SKS	Q2
2017 002 13 14   13.0    0   0.0  0.0   115.46  088.17   CRAI   -23.251    179.238   551.0    SKS	Q2
2017 269 04 20   28.0    0   0.0  0.0   114.41  091.64   CRAI   -23.581   -176.837    96.0    SKS	Q1
2017 291 12 00  -67.0    0   0.0  0.0   110.63  093.22   CRAI   -20.591   -173.802    10.0    SKS	Q2
2018 231 04 28  -64.0    0   0.0  0.0   108.71  088.19   CRAI   -16.978   -178.033   415.0    SKS	Q1
2021 063 13 27   41.0    0   0.0  0.0   128.47  093.83   CRAI   -37.479    179.458    10.0    SKS	Q1
2021 063 17 41   38.0    0   0.0  0.0   120.40  093.01   CRAI   -29.677   -177.840    43.0    SKS	Q2
2021 064 02 30  -58.0    0   0.0  0.0   119.13  093.72   CRAI   -28.749   -176.558    17.0    SKS	Q2
